id_depto,nombre_depto,id_provincia,pob_infantes,pob_primaria,pob_secundaria,pob_total
6007,Adolfo Alsina,6,732,1697,1437,17344
6014,Adolfo Gonzales Chaves,6,523,1401,1170,12847
6021,Alberti,6,495,1378,1198,12906
6028,Almirante Brown,6,25188,67913,58227,583209
6035,Avellaneda,6,13168,37082,32476,366117
6042,Ayacucho,6,985,2442,2150,21757
6049,Azul,6,3086,8219,7066,75152
6056,Bahía Blanca,6,12522,33944,28746,334505
6063,Balcarce,6,1973,5070,4268,48516
6070,Baradero,6,1697,4372,3818,39223
6077,Arrecifes,6,1435,3542,2961,32077
6084,Benito Juárez,6,916,2277,2015,21185
6091,Berazategui,6,14843,41462,35467,358328
6098,Berisso,6,4327,11779,9722,100685
6105,Bolívar,6,1590,3857,3206,37194
6119,Brandsen,6,1475,3997,3510,32350
6126,Campana,6,4628,12587,10846,107976
6134,Cañuelas,6,3575,9538,7497,70542
6140,Capitán Sarmiento,6,625,1713,1441,15882
6147,Carlos Casares,6,979,2491,2110,22905
6154,Carlos Tejedor,6,628,1557,1266,14007
6161,Carmen de Areco,6,785,1927,1709,17345
6168,Castelli,6,416,1013,904,9551
6175,Colón,6,1112,2851,2561,27406
6182,Coronel de Marina Leonardo Rosales,6,2684,7353,6424,65823
6189,Coronel Dorrego,6,632,1609,1418,15795
6196,Coronel Pringles,6,1075,2791,2166,24110
6203,Coronel Suárez,6,1573,4418,3537,41713
6224,Chivilcoy,6,2733,7181,6479,70554
6238,Dolores,6,1398,3369,2998,31405
6245,Ensenada,6,2860,7776,6660,63978
6252,Escobar,6,12294,31983,25714,256071
6270,Ezeiza,6,9825,25615,21089,198620
6274,Florencio Varela,6,24703,64455,52426,488103
6277,Florentino Ameghino,6,470,1275,1107,10759
6280,General Alvarado,6,1945,4822,4254,45307
6287,General Alvear,6,429,1137,912,10150
6294,General Arenales,6,655,1535,1404,16231
6301,General Belgrano,6,899,2272,1893,20674
6308,General Guido,6,137,338,304,3157
6315,General Juan Madariaga,6,909,2637,2375,22566
6329,General Las Heras,6,836,2054,1823,17980
6336,General Lavalle,6,250,636,493,4846
6343,General Paz,6,639,1705,1390,14141
6351,General Pinto,6,585,1321,1175,12842
6357,General Pueyrredón,6,23100,62565,57730,660569
6364,General Rodríguez,6,7808,20970,15698,142315
6371,General San Martín,6,15897,44539,39634,444503
6385,General Viamonte,6,1002,2538,2039,22530
6392,General Villegas,6,1510,4006,3428,35055
6399,Guaminí,6,460,1189,1063,11662
6406,Hipólito Yrigoyen,6,435,1110,965,10581
6408,Hurlingham,6,6675,18866,16751,185361
6412,José C. Paz,6,16399,42316,34014,326527
6413,Junín,6,4127,10433,8728,100964
6420,La Costa,6,4245,11364,10072,100400
6427,La Matanza,6,87162,225872,181212,1837168
6434,Lanús,6,16028,44506,39855,460081
6441,La Plata,6,29260,77998,67326,756074
6448,Laprida,6,532,1366,1152,11496
6455,Las Flores,6,1101,2771,2543,27136
6462,Leandro N. Alem,6,739,1838,1700,17153
6466,Lezama,6,255,639,570,6170
6469,Lincoln,6,1843,4674,4080,45191
6476,Lobería,6,699,1865,1638,18106
6483,Lobos,6,1853,4668,4035,41418
6490,Lomas de Zamora,6,28806,76967,65257,685644
6497,Luján,6,4701,12341,10388,110111
6505,Magdalena,6,1042,2768,2260,22653
6511,Maipú,6,503,1234,995,11253
6515,Malvinas Argentinas,6,14565,40319,34959,349401
6518,Mar Chiquita,6,1423,3622,3044,32973
6525,Marcos Paz,6,3460,8477,7148,64761
6532,Mercedes,6,3084,7882,6753,71002
6539,Merlo,6,27105,71541,59718,581484
6547,Monte,6,1098,3031,2380,24616
6553,Monte Hermoso,6,317,942,782,8444
6574,Navarro,6,828,2341,2082,19888
6581,Necochea,6,3905,10545,9347,101483
6588,9 de Julio,6,2262,5830,4999,52366
6595,Olavarría,6,4840,13055,11526,122011
6609,Pehuajó,6,1886,4827,4284,44594
6616,Pellegrini,6,373,831,610,7112
6623,Pergamino,6,4820,12264,10389,114988
6630,Pila,6,248,592,441,4615
6638,Pilar,6,18864,49944,41528,393614
6648,Presidente Perón,6,5563,14476,11730,101994
6651,Puan,6,541,1459,1232,16391
6655,Punta Indio,6,535,1384,1047,12161
6658,Quilmes,6,26975,70881,60085,631774
6665,Ramallo,6,1929,4707,4088,39648
6672,Rauch,6,669,1761,1519,16491
6679,Rivadavia,6,942,2317,1873,19735
6686,Rojas,6,1027,2724,2362,25619
6693,Roque Pérez,6,615,1572,1316,13901
6700,Saavedra,6,785,2109,1799,21407
6707,Saladillo,6,1476,3785,3339,35423
6714,Salto,6,1728,4405,3794,39257
6721,Salliqueló,6,366,963,846,9344
6728,San Andrés de Giles,6,1236,3031,2583,26399
6735,San Antonio de Areco,6,1168,2873,2569,26695
6742,San Cayetano,6,314,865,747,8918
6749,San Fernando,6,6594,17900,15461,171099
6756,San Isidro,6,9488,26323,25052,295978
6760,San Miguel,6,13979,37035,30653,327650
6763,San Nicolás,6,6938,17845,15225,166657
6770,San Pedro,6,3165,8283,7113,68353
6778,San Vicente,6,5505,14032,10952,97929
6784,Suipacha,6,535,1328,1257,11736
6791,Tandil,6,5517,14723,12884,144678
6798,Tapalqué,6,486,1125,1059,10695
6805,Tigre,6,18454,51961,45401,446291
6812,Tordillo,6,136,298,231,2528
6819,Tornquist,6,570,1549,1238,14591
6826,Trenque Lauquen,6,2171,5326,4442,49128
6833,Tres Arroyos,6,2432,6392,5392,61889
6840,Tres de Febrero,6,12280,33616,30170,362319
6847,Tres Lomas,6,380,989,831,9090
6854,25 de Mayo,6,1498,3733,3238,35411
6861,Vicente López,6,8348,22610,21312,280541
6868,Villa Gesell,6,1476,4267,3801,37325
6882,Zárate,6,5546,15431,13300,131415
10007,Ambato,10,218,439,401,5087
10014,Ancasti,10,137,334,322,3282
10021,Andalgalá,10,870,2037,2051,19545
10028,Antofagasta de la Sierra,10,74,241,174,1822
10035,Belén,10,1434,3513,3350,30353
10049,Capital,10,8055,20132,17544,186466
10056,El Alto,10,204,517,485,4375
10063,Fray Mamerto Esquiú,10,654,1651,1397,14624
10070,La Paz,10,1261,3146,2844,26341
10077,Paclín,10,172,512,450,4696
10084,Pomán,10,554,1480,1321,12219
10091,Santa María,10,1238,2998,2619,26822
10098,Santa Rosa,10,625,1476,1361,13317
10105,Tinogasta,10,1134,2784,2684,25254
10112,Valle Viejo,10,1520,3862,3346,33951
14007,Calamuchita,14,3329,8474,7104,75462
14014,Capital,14,58120,149261,132716,1498060
14021,Colón,14,13616,34951,29481,294511
14028,Cruz del Eje,14,3124,7539,6409,64748
14035,General Roca,14,1592,3828,3338,36064
14042,General San Martín,14,6949,16719,13699,152397
14049,Ischilín,14,1743,4159,3859,36023
14056,Juárez Celman,14,3118,7504,6295,68317
14063,Marcos Juárez,14,4276,10712,9015,107286
14070,Minas,14,215,499,454,4855
14077,Pocho,14,208,472,471,5070
14084,Presidente Roque Sáenz Peña,14,1616,4130,3526,37551
14105,Río Primero,14,2879,6664,5637,58181
14112,Río Seco,14,712,1890,1619,15275
14119,Río Segundo,14,4752,12120,10358,113311
14126,San Alberto,14,1903,4666,3958,42029
14133,San Javier,14,2613,7043,5838,62700
14140,San Justo,14,9838,24255,21387,228951
14154,Sobremonte,14,192,468,474,4381
14161,Tercero Arriba,14,5123,12660,10615,120207
14168,Totoral,14,1032,2627,2260,22473
14175,Tulumba,14,621,1454,1262,14092
14182,Unión,14,4780,12013,10336,113635
18007,Bella Vista,18,2328,5598,4349,44369
18014,Berón de Astrada,18,137,301,288,2808
18021,Capital,18,19680,47808,40759,437446
18028,Concepción,18,1534,3721,3145,26270
18035,Curuzú Cuatiá,18,2522,6209,5270,51489
18042,Empedrado,18,877,2041,1795,17948
18049,Esquina,18,2117,4809,4256,39168
18056,General Alvear,18,477,1086,936,9051
18063,General Paz,18,798,1916,1636,17016
18070,Goya,18,4959,12729,11020,106223
18077,Itatí,18,637,1491,1164,11946
18084,Ituzaingó,18,2033,4878,4073,38767
18091,Lavalle,18,2407,5545,4384,40406
18098,Mburucuyá,18,510,1317,1230,11541
18105,Mercedes,18,2649,6120,4682,49807
18112,Monte Caseros,18,2277,5486,4434,45602
18119,Paso de los Libres,18,2964,7451,6405,56778
18126,Saladas,18,1455,3566,3134,29126
18133,San Cosme,18,902,2191,1708,19679
18140,San Luis del Palmar,18,1037,2392,2129,21381
18147,San Martín,18,819,1980,1694,15164
18154,San Miguel,18,718,1758,1480,12700
18161,San Roque,18,1145,2726,2356,22682
18168,Santo Tomé,18,3709,9454,7725,71922
22007,Almirante Brown,22,2184,5089,4604,37794
22014,Bermejo,22,1344,3431,2793,28060
22021,Comandante Fernández,22,4754,12218,10680,101086
22028,Chacabuco,22,1714,4114,3194,34493
22036,12 de Octubre,22,1126,2851,2323,23179
22039,2 de Abril,22,407,895,768,8310
22056,General Donovan,22,747,1794,1513,15061
22063,General Güemes,22,3925,9486,7565,68429
22070,Independencia,22,1262,3020,2776,21948
22077,Libertad,22,714,1682,1357,13775
22084,Libertador General San Martín,22,3634,8406,6903,65304
22091,Maipú,22,1471,3468,2776,26354
22098,Mayor Luis J. Fontana,22,3161,7600,5872,59798
22105,9 de Julio,22,1620,3572,3053,30223
22112,O'Higgins,22,1099,3018,2575,21544
22119,Presidencia de la Plaza,22,756,1853,1510,13938
22140,San Fernando,22,18040,45514,36791,413764
22147,San Lorenzo,22,929,2119,1694,16045
22154,Sargento Cabral,22,961,2286,1912,18696
22161,Tapenagá,22,207,505,442,4051
22168,25 de Mayo,22,1763,4543,3788,32606
26007,Biedma,26,4374,12244,10407,102806
26014,Cushamen,26,1171,3216,2710,28099
26021,Escalante,26,9406,25207,20255,214829
26028,Florentino Ameghino,26,103,221,157,1782
26035,Futaleufú,26,2036,5702,4656,49965
26042,Gaiman,26,540,1396,1244,12505
26049,Gastre,26,52,108,97,1181
26056,Languiñeo,26,141,297,269,2862
26063,Mártires,26,43,74,54,744
26070,Paso de Indios,26,76,191,147,1882
26077,Rawson,26,5876,15641,13427,144420
26084,Río Senguer,26,305,746,517,6347
26091,Sarmiento,26,769,1995,1510,14477
26098,Tehuelches,26,267,754,546,5947
26105,Telsen,26,60,167,151,1608
30008,Colón,30,3368,8095,6808,74890
30015,Concordia,30,9948,24910,19760,197603
30021,Diamante,30,2155,5216,4404,52312
30035,Federal,30,1448,3327,2784,29436
30042,Feliciano,30,825,2002,1752,16717
30056,Gualeguaychú,30,5322,13745,11683,125176
30063,Islas del Ibicuy,30,707,1790,1491,13984
30077,Nogoyá,30,1874,4731,3961,42954
30084,Paraná,30,16035,40780,34203,388716
30088,San Salvador,30,947,2487,2170,20786
30091,Tala,30,1410,3601,2963,31091
30098,Uruguay,30,4867,12543,10989,115516
30105,Victoria,30,1744,4259,3629,40301
30113,Villaguay,30,2582,6258,5445,55284
34007,Bermejo,34,987,2371,1864,15600
34014,Formosa,34,11953,30764,26381,268572
34021,Laishi,34,982,2496,2230,19275
34028,Matacos,34,1019,2539,2024,17017
34035,Patiño,34,4619,11476,8864,81600
34042,Pilagás,34,1003,2530,2118,19089
34049,Pilcomayo,34,4950,11883,9453,94116
34056,Pirané,34,3897,9417,7940,72560
34063,Ramón Lista,34,1333,3239,2578,17678
38007,Cochinoca,38,755,2002,1782,14998
38014,El Carmen,38,6190,15576,12999,122259
38021,Dr. Manuel Belgrano,38,13306,36369,29775,319469
38035,Ledesma,38,4449,11518,9498,94132
38042,Palpalá,38,2855,7650,6532,65522
38049,Rinconada,38,86,292,187,1797
38056,San Antonio,38,308,820,617,6729
38063,San Pedro,38,4211,10745,8540,88237
38070,Santa Bárbara,38,1061,2848,2152,20497
38084,Susques,38,249,604,483,3966
38094,Tilcara,38,626,1787,1565,14621
38105,Valle Grande,38,111,332,273,2490
38112,Yavi,38,1332,3247,2798,25831
42007,Atreucó,42,420,1146,1002,11053
42014,Caleu Caleu,42,110,325,283,2611
42021,Capital,42,4696,12927,10902,118504
42035,Conhelo,42,607,1567,1227,15094
42042,Curacó,42,54,125,90,1103
42049,Chalileo,42,130,354,270,2868
42056,Chapaleufú,42,551,1353,1136,12277
42063,Chical Co,42,66,180,163,1461
42070,Guatraché,42,358,894,827,9397
42077,Hucal,42,286,693,617,7713
42084,Lihuel Calel,42,22,52,44,428
42091,Limay Mahuida,42,14,46,24,413
42098,Loventué,42,377,993,858,9243
42105,Maracó,42,2981,7633,6334,69067
42112,Puelén,42,614,1576,1178,11636
42119,Quemú Quemú,42,332,825,807,8404
42126,Rancul,42,509,1281,1164,11090
42133,Realicó,42,709,1924,1672,17356
42140,Toay,42,899,2436,1773,17927
42154,Utracán,42,764,2084,1668,17686
46014,Capital,46,8628,23293,20533,210507
46021,Castro Barros,46,239,626,511,5810
46028,General Felipe Varela,46,479,1249,1001,11371
46035,Chamical,46,720,1589,1472,15630
46042,Chilecito,46,2573,7038,6402,58681
46049,Famatina,46,265,757,711,6984
46056,Ángel Vicente Peñaloza,46,138,392,296,3184
46063,General Belgrano,46,346,784,728,7615
46070,General Juan Facundo Quiroga,46,187,406,417,4013
46077,General Lamadrid,46,86,191,187,1885
46084,General Ortiz de Ocampo,46,298,765,696,7347
46091,General San Martín,46,222,643,550,5017
46098,Vinchina,46,116,294,257,2695
46105,Independencia,46,111,291,257,2399
46112,Rosario Vera Peñaloza,46,745,1900,1616,15764
46119,San Blas de Los Sauces,46,194,501,422,4306
46126,Sanagasta,46,124,361,270,2994
50014,General Alvear,50,2260,6260,4846,52379
50021,Godoy Cruz,50,7559,19838,16701,194557
50028,Guaymallén,50,14431,36996,29798,320871
50035,Junín,50,2075,5299,4319,46472
50042,La Paz,50,574,1499,1108,12018
50049,Las Heras,50,11303,28992,23685,233839
50063,Luján de Cuyo,50,7858,20822,17463,171883
50077,Malargüe,50,1629,4345,3426,32596
50084,Rivadavia,50,2949,7683,6036,63589
50091,San Carlos,50,1961,5109,4018,39752
50098,San Martín,50,6520,17257,13262,139406
50105,San Rafael,50,9770,24756,19958,213204
50112,Santa Rosa,50,994,2509,1897,19379
50119,Tunuyán,50,2891,7833,6153,59972
54014,Cainguás,54,3382,8762,6766,59875
54028,Capital,54,18639,47460,37696,391498
54035,Concepción,54,569,1384,1152,10303
54042,Eldorado,54,4724,12100,9635,91133
54049,General Manuel Belgrano,54,2917,6918,5169,45456
54056,Guaraní,54,4649,11433,8836,77075
54063,Iguazú,54,5769,14290,10929,99838
54070,Leandro N. Alem,54,2490,6082,4879,49391
54077,Libertador General San Martín,54,2869,6927,5525,52166
54084,Montecarlo,54,2010,5313,4258,38620
54091,Oberá,54,6333,16152,12528,120703
54098,San Ignacio,54,3473,8670,6716,63194
54105,San Javier,54,1242,3294,2470,23080
54119,25 de Mayo,54,1718,4288,3286,30877
58007,Aluminé,58,497,1208,1021,10173
58021,Catán Lil,58,138,368,258,2641
58028,Collón Curá,58,217,535,461,4832
58035,Confluencia,58,19766,52500,42174,467217
58042,Chos Malal,58,734,2162,1701,18289
58056,Lácar,58,1654,4460,3818,39567
58063,Loncopué,58,395,927,729,7696
58077,Minas,58,468,1061,831,9267
58084,Ñorquín,58,269,646,522,5572
58105,Picunches,58,424,1097,793,8471
58112,Zapala,58,2031,5480,4533,45540
62007,Adolfo Alsina,62,2598,7124,6046,63845
62014,Avellaneda,62,1938,4940,4126,41160
62021,Bariloche,62,6400,17315,13885,161443
62028,Conesa,62,345,840,630,7398
62035,El Cuy,62,309,901,675,6960
62042,General Roca,62,16354,43425,35515,379627
62049,9 de Julio,62,132,408,321,3682
62070,Pilcaniyeu,62,336,1107,821,9309
62077,San Antonio,62,1492,4166,3416,35473
62084,Valcheta,62,183,457,367,4300
62091,25 de Mayo,62,793,1877,1607,16555
66014,Cachi,66,459,1236,883,8928
66021,Cafayate,66,804,2378,1887,17822
66028,Capital,66,27161,72054,59245,624003
66035,Cerrillos,66,2984,8047,6079,55713
66042,Chicoana,66,1137,3014,2568,24715
66049,General Güemes,66,2699,6917,5526,55746
66056,General José de San Martín,66,10488,25874,20452,177448
66063,Guachipas,66,185,403,332,3491
66070,Iruya,66,386,930,785,6116
66077,La Caldera,66,547,1430,1076,12246
66084,La Candelaria,66,343,904,755,7182
66091,La Poma,66,99,260,234,1789
66098,La Viña,66,424,1108,909,8888
66112,Metán,66,2382,5695,4488,48028
66119,Molinos,66,302,837,706,5808
66126,Orán,66,8945,22746,18047,159715
66133,Rivadavia,66,2651,6427,4929,38062
66140,Rosario de la Frontera,66,1630,4146,3302,33750
66147,Rosario de Lerma,66,2668,6604,5208,50961
66154,San Carlos,66,386,1102,812,7779
66161,Santa Victoria,66,524,1436,1218,9411
70007,Albardón,70,1568,4253,3543,31281
70014,Angaco,70,519,1380,1164,10172
70021,Calingasta,70,606,1476,1116,10667
70028,Capital,70,4264,10619,9248,114849
70042,Chimbas,70,5416,13494,11469,103772
70049,Iglesia,70,429,1084,908,8826
70056,Jáchal,70,1168,2781,2398,25269
70070,Pocito,70,4016,10435,8555,72879
70077,Rawson,70,6557,16891,14120,136582
70091,San Martín,70,836,2165,1718,15037
70098,Santa Lucía,70,3160,7756,6279,62697
70105,Sarmiento,70,1597,3853,3304,27188
70112,Ullum,70,357,864,704,6454
70119,Valle Fértil,70,414,963,801,8425
70126,25 de Mayo,70,1285,2998,2605,20824
70133,Zonda,70,362,881,729,6674
74007,Ayacucho,74,1087,2770,2471,23653
74021,Coronel Pringles,74,636,1710,1641,16044
74028,Chacabuco,74,1108,2742,2612,26522
74035,General Pedernera,74,6523,17217,15346,148671
74042,Gobernador Dupuy,74,706,1708,1593,14334
74049,Junín,74,1567,4272,3956,40289
74056,Juan Martín de Pueyrredón,74,10712,28921,27055,260769
74063,Libertador General San Martín,74,187,445,444,4691
78007,Corpen Aike,78,821,1949,1497,15035
78014,Deseado,78,6113,16156,13468,126266
78021,Güer Aike,78,6145,16392,13731,137309
78028,Lago Argentino,78,1331,3312,2596,25384
78035,Lago Buenos Aires,78,752,1616,1174,12584
78042,Magallanes,78,625,1739,1324,12828
78049,Río Chico,78,353,874,653,6271
82007,Belgrano,82,1968,4903,4293,48544
82014,Caseros,82,3185,8294,7108,86261
82021,Castellanos,82,8342,20593,17437,189464
82028,Constitución,82,3679,9370,8501,93000
82035,Garay,82,1219,2920,2238,24853
82042,General López,82,8181,20764,17525,200455
82049,General Obligado,82,9407,22397,19095,197533
82056,Iriondo,82,3138,7768,6189,73636
82063,La Capital,82,24091,60178,51318,568259
82070,Las Colonias,82,4661,11728,10201,114730
82077,9 de Julio,82,1464,3636,3285,30942
82084,Rosario,82,53739,136909,111326,1337958
82091,San Cristóbal,82,3275,8274,6990,72593
82098,San Javier,82,1622,4011,3004,33180
82105,San Jerónimo,82,3767,9086,7615,84617
82112,San Justo,82,2052,5112,4294,46486
82126,San Martín,82,2844,7148,5857,67299
82133,Vera,82,2772,6546,5536,55463
86014,Alberdi,86,1184,2854,2369,20104
86028,Avellaneda,86,1481,3527,3231,25462
86035,Banda,86,9064,21600,17110,170401
86042,Belgrano,86,585,1293,1074,10809
86049,Capital,86,15140,37231,30377,328824
86056,Copo,86,2124,4966,4367,35653
86063,Choya,86,2071,5276,4520,43692
86070,Figueroa,86,1183,2803,2471,20246
86077,General Taboada,86,2553,6042,5394,46304
86084,Guasayán,86,494,1095,941,9251
86098,Juan Felipe Ibarra,86,1139,3004,2585,20567
86105,Loreto,86,1155,3051,2561,24047
86112,Mitre,86,62,143,160,1440
86119,Moreno,86,2441,5635,5178,40352
86126,Ojo de Agua,86,758,1714,1633,15008
86140,Quebrachos,86,741,1585,1324,12336
86147,Río Hondo,86,3438,8569,6856,66637
86154,Rivadavia,86,261,649,539,5314
86161,Robles,86,2959,7173,5982,53879
86168,Salavina,86,666,1746,1654,12775
86175,San Martín,86,610,1602,1480,11183
86182,Sarmiento,86,286,722,624,5034
86189,Silípica,86,464,1173,1076,9766
90007,Burruyacú,90,2331,6034,4942,45459
90014,Cruz Alta,90,11658,29374,23883,227688
90021,Chicligasta,90,4203,10719,8977,92308
90028,Famaillá,90,2322,5489,4607,42669
90035,Graneros,90,800,1880,1613,15539
90042,Juan Bautista Alberdi,90,1586,4124,3462,34745
90049,La Cocha,90,992,2557,2282,21196
90063,Lules,90,4717,12694,9951,93464
90070,Monteros,90,3579,9280,7910,77469
90077,Río Chico,90,3011,7740,6483,64927
90084,Capital,90,24461,60342,50598,587289
90098,Tafí del Valle,90,1010,2606,2135,22382
90105,Tafí Viejo,90,8495,21744,17829,172877
90112,Trancas,90,1163,2854,2478,23438
94007,Río Grande,94,4771,11816,9779,98922
94011,Tolhuin,94,322,832,662,6027
94014,Ushuaia,94,3576,8898,7210,80009
6210,Chacabuco,6,1940,5344,4811,52409
6218,Chascomús,6,1873,4976,4223,42191
6231,Daireaux,6,790,1986,1828,18328
6266,Exaltación de la Cruz,6,1929,4920,3860,40036
6322,General La Madrid,6,474,1263,980,11535
6560,Moreno,6,28521,76357,60359,575758
6568,Morón,6,10346,28780,26584,329517
6602,Patagones,6,1630,4262,3335,37499
6644,Pinamar,6,1719,4519,3979,39224
6875,Villarino,6,1415,3677,3288,32552
10042,Capayán,10,898,2244,2043,19471
14091,Punilla,14,8649,22996,19945,219494
14098,Río Cuarto,14,11863,28900,24194,277979
14147,Santa María,14,6745,16655,13320,139012
18175,Sauce,18,529,1251,1114,10382
22043,Fray Justo Santa María de Oro,22,522,1305,1039,10643
22049,General Belgrano,22,771,1698,1470,12807
22126,1º de Mayo,22,760,1810,1262,14265
22133,Quitilipi,22,1678,3819,3539,32430
30028,Federación,30,3853,9326,7362,78264
30049,Gualeguay,30,2558,6359,5287,56796
42147,Trenel,42,249,580,495,5637
46007,Arauco,46,764,1915,1593,16251
50007,Capital,50,4557,11563,9394,123715
50056,Lavalle,50,2567,6674,5019,47086
50070,Maipú,50,10215,26442,21528,218887
54021,Candelaria,54,1969,4979,3937,34945
54112,San Pedro,54,2266,5727,4161,34690
58014,Añelo,58,1024,2480,1881,18150
58049,Huiliches,58,1002,2530,1973,20853
58070,Los Lagos,58,655,1861,1466,15502
58091,Pehuenches,58,1538,4093,3242,29721
58098,Picún Leufú,58,222,631,445,5087
62056,Ñorquinco,62,63,141,127,1452
70063,9 de Julio,70,729,1704,1390,12498
70084,Rivadavia,70,4713,11692,9610,101334
74014,Belgrano,74,260,651,545,5575
82119,San Lorenzo,82,9067,22850,17689,193786
86007,Aguirre,86,434,1064,941,8959
86021,Atamisqui,86,822,2168,1880,14894
86091,Jiménez,86,980,2376,2055,18622
86133,Pellegrini,86,1418,3634,2937,26193
90056,Leales,90,3089,7892,6716,66352
90091,Simoca,90,1709,4427,3591,36946
90119,Yerba Buena,90,4689,11860,10036,102589
6112,Bragado,6,1884,4807,4203,46227
6260,Esteban Echeverría,6,15490,41112,34241,337880
6410,Ituzaingó,6,6232,17692,16004,177983
30070,La Paz,30,3579,9094,7510,75271
38028,Humahuaca,38,1040,2892,2366,20877
38077,Santa Catalina,38,172,350,304,2641
38098,Tumbaya,38,209,631,468,5298
50126,Tupungato,50,2125,5685,4481,41168
54007,Apóstoles,54,2821,6783,5453,50503
62063,Pichi Mahuida,62,798,1943,1439,16493
66007,Anta,66,3627,9429,7601,69442
66105,Los Andes,66,495,1130,923,7182
42028,Catriló,42,372,1019,794,8225
70035,Caucete,70,2312,5636,5029,44017
2000,Ciudad de Buenos Aires,2,87535,236991,210663,3095454
